6995
1852
8307
6616
9118
8944
7353
6658
9603
930
7809
1422
5183
1014
5609
9916
2815
5769
4584
6873
9621
1404
1654
2834
3665
116
766
2267
1139
2456
5690
3869
5656
8531
4712
2580
2041
2362
2680
8970
7600
685
2598
4803
7056
9652
8113
2155
9810
5143
111
3353
2325
4691
6863
2520
5096
7425
1086
5354
2901
6481
2626
9796
4991
6477
8884
2444
2397
4880
1403
4684
2270
9393
5490
8745
909
7139
5958
6311
9940
464
9095
2563
5544
3479
6176
8620
4295
7266
1767
7038
1021
9247
7752
7216
8387
8203
4706
3236
4261
959
8462
5154
5723
7143
6476
9255
5991
339
5805
6458
4668
5839
9180
496
5438
3755
3914
6
2538
2616
6625
5824
1948
5371
4103
353
5410
3208
6153
6627
4579
6283
9210
1040
9595
3051
8974
486
5886
9274
3062
9500
9718
3870
4558
1358
6444
782
551
9074
559
6116
9654
1592
7112
6369
2131
8169
2273
941
6126
780
1785
6039
9501
9222
1797
7049
3018
5043
4798
1203
3655
9264
7309
5030
1292
6360
4133
2400
7792
9975
4001
7480
987
2332
2716
3396
2795
2655
3246
1950
8721
8517
8971
304
9425
5316
2505
8536
9024
2375
7953
1076
3445
5417
2434
8898
2389
1708
7157
545
9985
4905
7785
5823
2621
9667
614
5961
1310
6474
6135
1966
5339
3693
7721
509
2836
7366
3189
5362
8159
610
6980
5950
3669
2762
4782
2588
4974
4663
3490
7905
2060
882
7972
8733
2853
2407
8138
9288
4097
374
3458
7328
5123
3440
3954
9550
6763
5671
1179
4121
29
6245
1939
7536
2284
2576
9719
4255
6498
5636
4038
2924
8012
7104
6522
5112
7253
1402
3961
6065
2832
817
2393
7257
4158
2975
3904
88
5935
1793
792
3515
8725
9525
6810
988
2541
3859
6782
5914
875
2094
2440
9317
7588
4600
3360
6418
4455
4377
2104
8946
8572
9672
9540
1410
4046
7278
3061
9497
5282
6706
1460
8072
9873
6060
9790
8402
8221
5847
4382
6655
5900
1441
3144
7715
3143
9847
6488
1672
5153
1225
6143
6473
3265
2494
8414
7017
2490
507
1790
3510
2528
5688
5028
5222
2084
3066
3455
8481
5589
7403
1895
5063
3981
237
4181
7345
1649
9299
2428
871
6196
3411
4335
5954
7608
9329
6339
7847
7861
8394
4024
8280
1151
3304
9372
679
9892
9271
5663
4456
8199
4967
7300
1360
5242
376
4917
1994
5593
2414
7505
2673
7779
1905
9061
5668
6426
8847
1048
9284
7603
3126
3047
5255
9218
4532
1641
626
4848
2526
837
7739
591
7768
9594
7891
4869
8334
8104
2968
7321
9456
5927
950
8017
1984
6927
6767
511
6263
9708
1074
4768
8253
2192
4909
4070
5215
5988
1008
165
9532
122
6512
6496
6115
4460
1851
2972
6988
9072
4865
3349
1033
2112
3784
7209
6282
2031
4659
8697
7799
8839
7668
5088
6957
8298
9339
6354
5602
2970
265
9644
1500
5193
5373
7124
2194
4772
1487
8409
6120
128
3775
513
2848
1148
4536
9552
3712
8537
1155
7263
9820
5239
3370
2486
2503
8942
3792
6961
7417
2417
7514
2191
1674
7862
7042
9787
7699
2927
2477
3454
2517
7977
1189
75
2980
4673
7446
6083
4155
8794
5366
3119
4824
9670
9579
9618
2585
7929
9705
8758
6179
5616
98
9568
3807
5953
3376
8925
7013
6872
7716
3093
1768
5085
3398
8555
1122
3976
9378
9562
6375
849
2743
3177
2730
3657
8393
5659
2049
6099
7201
6824
3477
5673
9537
4833
9262
4047
8020
1137
7896
7232
5507
2577
8994
7399
2947
2692
5611
893
5066
6670
6165
7377
3357
5235
4300
1746
7461
6640
2928
4009
8821
9549
5074
3942
5714
8687
701
9750
7138
2967
8403
492
8238
4690
3167
2386
5270
2021
2276
1401
3432
6817
9547
8249
8461
9900
5395
8446
3716
5290
1968
4325
5933
7859
5083
9854
7068
7299
5814
922
917
4634
9941
7472
2562
3938
724
7050
6904
2017
4900
2552
710
1519
2728
5910
7182
7707
3897
1070
968
3404
2404
9946
5414
6911
5765
9527
3365
797
7725
361
5890
896
727
5333
3935
4516
2738
3048
273
6653
5542
5930
2739
8872
6547
1197
7274
5243
4960
9814
5971
6843
3039
9399
7907
2327
4201
5304
1914
1106
2721
3854
1370
5312
3173
6472
5267
286
5817
7696
5887
4770
3747
7261
3587
9285
2793
5023
7867
6296
6148
3499
2007
5854
5384
5596
4648
4736
955
9194
546
1006
8965
8865
3184
4846
3568
2072
2406
5579
4049
3728
8516
6678
4689
1455
6219
4404
7134
962
142
6154
5578
5654
8189
3751
5173
7829
1264
1983
8498
2394
3231
2083
7073
2689
8501
4605
4196
9417
981
3408
4312
6686
5632
6943
7964
1719
4571
7802
436
9687
7210
2058
1283
6756
1233
6233
15
7149
569
3770
602
8769
157
2087
2208
3892
3501
9051
5205
9011
18
2088
6978
712
7227
8673
5386
9043
1954
1299
2011
8912
1788
313
6393
2835
2911
4441
5748
843
9040
7207
4469
3190
6744
9983
4479
6029
7011
6881
9165
523
4433
9200
2758
4821
7994
2230
294
6602
6325
3318
7621
5482
4008
6543
1392
2144
5742
5561
4438
6847
982
8778
3395
6216
3102
7336
2227
8625
7174
1618
9894
6397
8185
5314
946
8910
2403
5549
7103
9589
3630
1150
5184
7813
6102
3036
4414
5626
7252
8880
6918
7549
9258
7093
6101
957
3895
4275
7644
5875
1534
8739
4879
1190
8191
3788
1935
5710
6402
4721
7236
9819
5476
823
3726
8225
1389
7540
6673
3461
3790
4052
7933
4949
4730
8226
1030
723
9368
2902
1875
359
8453
9811
532
9408
8367
9937
3254
5022
6185
2634
7048
5551
8341
5051
2981
9366
4656
6986
399
6553
1827
1399
5955
6173
5134
6874
3436
346
8067
3992
6987
3626
5295
8378
3221
9792
7804
9658
2870
7481
8817
9529
4701
4215
1525
473
1440
1965
4708
386
6605
7693
9945
5320
4639
3691
7568
1093
8480
3535
2081
2529
8486
2785
3486
9893
2702
160
8198
6539
678
967
4353
2536
1837
5424
1458
4795
9336
7906
6503
6609
1822
6401
5574
8955
6738
6907
3955
9164
540
12
276
9663
1980
2036
2504
1319
9241
5055
30
8789
8445
8722
5432
8916
1727
1244
4074
1297
1922
5594
7826
1545
6145
2458
4568
7758
6924
8147
6100
2014
9239
7970
3355
1856
4832
1499
6246
3700
201
9514
7369
7927
4923
6454
4294
9450
246
9844
9114
260
191
1394
3106
7385
8542
5054
2479
7161
1753
6835
2260
4676
8405
4747
4595
5865
1118
3072
9615
172
7537
3934
1825
3893
6096
9505
4386
8772
825
1536
3381
1042
2949
868
3600
6590
9031
2103
7744
4180
4197
4827
9080
1516
8579
530
4058
6162
6497
7507
715
7733
7843
9187
8179
5904
1638
5177
9476
4059
5336
4222
1053
2415
8240
4042
124
4742
1012
7692
4718
5558
6727
9681
7818
3540
6742
6382
445
1918
3800
9870
7434
7683
935
9655
713
1369
4314
8293
7999
324
761
1295
1165
9861
3863
9338
2628
9891
5874
2946
9843
2334
2185
3069
4035
4724
5708
8383
4953
722
8502
4336
6374
2258
5427
693
7523
790
4825
9415
7698
709
7004
9574
472
3844
3286
4760
3374
4
4045
603
9746
2961
1005
5400
3239
3211
6025
2449
1736
9714
1398
8869
8379
7096
2957
1659
5809
8023
4902
1016
4228
1408
8727
1523
7913
6317
1629
9296
9354
4110
5325
8401
6909
2776
7189
7466
9593
2028
2357
4432
6199
1651
8030
984
6939
4766
9406
2124
9071
2760
2216
8235
5514
1816
6231
4271
6864
1766
578
1839
1972
6128
7669
9188
7967
2591
519
127
2979
5957
9851
115
483
1652
1428
5473
8989
228
4274
2377
5176
3505
4552
6320
5979
7307
8426
4428
8311
8617
7984
3608
798
9896
9302
2141
5827
9991
2383
4856
1688
4700
9098
6552
2747
6066
5878
1679
9979
5829
4892
2182
7814
1668
706
7373
4207
3310
8153
3984
1550
6855
1960
244
1740
2076
4122
404
6822
1517
9430
1854
7186
1436
1316
8797
8412
8028
4198
1944
6087
3709
3361
138
9952
7901
2416
2188
5310
5213
4123
426
481
7081
1882
5197
8343
9721
5998
8083
3988
6313
7054
4607
3926
1947
4542
6308
773
7433
184
7091
836
1583
1563
8698
719
7709
9565
6404
6685
1032
477
9224
4826
8813
2707
1386
7635
5658
9174
8120
4340
6447
7148
4913
9498
3465
8246
5303
9801
7751
601
3340
9444
5210
8386
9779
8993
455
9439
6812
297
2106
595
9728
3943
6106
3530
8581
6439
2024
4084
3714
5695
858
1304
1703
4491
9503
7147
6638
2532
9921
2772
7127
6342
5309
2312
4657
6071
2295
3137
3342
3866
1814
9863
788
6663
5750
3194
6985
3861
9446
5097
2553
2851
3206
5148
2976
1395
5396
8331
1666
2990
9147
9584
9751
733
919
8917
7344
2161
8560
2802
8377
633
8992
5341
1731
6974
2542
2065
7899
6113
8809
750
8441
3896
1342
2903
6081
5590
698
1800
8407
6683
1781
9608
7566
9112
270
9475
4728
3497
8274
4359
4211
1927
6073
6286
5407
7386
7497
1177
8959
5771
1576
398
2289
998
2682
2883
3154
7438
5288
2078
5046
4319
2808
5554
2823
7439
5337
9433
4586
1824
1930
8347
3491
7508
1635
4064
4741
9054
942
3871
5502
6764
6061
1286
9327
6962
7754
6645
3576
8027
2322
2231
4204
4509
4378
9954
330
4857
8580
3332
5425
3224
2720
6561
1877
6438
6054
3034
424
3162
3584
179
6225
4089
2850
5699
1079
1883
135
1331
5244
8864
1421
8738
403
6506
6659
7851
1133
8317
8148
3720
7889
3363
5259
923
4922
2269
1490
7605
1601
9359
8389
3680
4473
9865
7857
5146
3011
7653
1577
2129
6160
1676
375
3906
1192
3285
4739
6465
8822
9171
8752
2163
3878
9403
1343
8218
243
9230
3220
4523
453
3744
1694
1066
3081
8568
7632
8342
1315
9315
991
3008
2670
2053
1663
6865
9127
3603
7086
9346
9086
2145
4935
7833
7338
4072
5734
1284
814
7731
5962
6007
3923
3410
9808
3347
9838
3625
7260
5187
1910
3621
4797
8519
471
8564
6132
2070
8574
5091
8887
9657
5787
7437
1907
292
6499
3698
6335
8089
1584
9341
1124
2219
2789
7807
7640
5815
2727
5360
3756
497
832
2944
9281
8691
6080
4341
1734
3812
7444
3230
9538
8123
2130
4622
8042
5974
8740
7670
4454
7211
7900
4582
8213
9155
6610
8424
4723
4397
4971
3721
7082
5165
3023
2282
8157
349
8374
2759
8509
7457
879
3793
9889
2810
1611
5347
838
1843
3423
7981
7966
2050
62
3856
9824
8545
1258
7125
516
8575
6940
222
3327
1302
9544
8834
2884
1462
1894
652
699
6289
6925
7743
3889
2564
7675
4756
8584
8938
4173
2228
7117
40
291
537
5077
9363
6802
1132
2622
1773
5916
397
2678
7015
3615
3512
7577
382
682
7062
8033
9515
8540
6406
9136
6698
7676
5116
3043
3830
5884
5908
5253
6064
1405
8926
8694
964
205
7749
6710
5404
3553
1655
3710
5510
6357
2989
1159
3699
4093
7198
4265
6839
9167
3783
148
9462
6177
4290
3053
2510
6804
599
9762
5265
7515
7595
3460
945
9172
7239
5435
2140
2725
8227
9520
5634
90
7098
9522
7464
4512
1633
5470
7362
5232
7329
4776
4816
1511
9152
3932
2867
9567
908
7002
1981
6827
2119
5094
7153
1117
759
2363
5788
6878
3811
6532
6467
4368
1228
3672
2213
8187
443
9240
5661
9902
1211
4807
6750
2229
8442
1579
2559
2830
2255
2783
368
3752
158
9332
7097
8490
9156
7298
9129
4080
5033
1993
9616
927
9918
8628
1869
8933
9029
8657
5024
2238
5733
6230
4184
3295
9192
1470
5607
7528
8649
6238
7361
3165
2786
5344
3021
4372
7680
5832
7976
6570
5779
3251
4722
6828
7324
8034
7113
2782
2247
707
3413
310
9269
587
5789
9375
4384
6490
7358
5536
475
8658
3941
9693
1995
3087
3853
9785
5423
3676
4843
1646
558
9470
5246
2156
8759
1782
3289
4149
2263
8259
1743
8425
4206
161
5182
629
2829
7983
5521
1670
2391
8843
5762
8093
827
6528
8895
1418
7177
6086
5439
2781
3760
8633
2038
970
2343
7235
7872
2310
1829
2674
4337
414
5144
7882
7787
9729
7548
3074
6103
7866
9263
6560
8743
4157
8339
956
6752
7955
1732
3041
4581
3532
7462
4320
6423
1758
8031
8261
3664
6359
7602
6398
835
3677
8661
6468
3843
8924
9143
5225
467
5670
8276
4710
8632
6846
6785
7877
9026
5680
5494
2262
6801
9929
2259
5082
3845
3029
9974
429
2872
8653
5693
9774
5826
3701
700
451
8957
7569
5147
3519
6131
4050
5068
4565
4811
2846
9120
5372
2742
1648
7432
6979
487
1105
3312
6350
4757
2978
8321
7828
906
8868
1119
5545
528
2711
1999
8761
2488
3389
9184
2501
3734
5840
7614
5330
2045
5836
1058
3536
6537
8100
1359
407
8984
3274
4453
347
9021
6170
9201
4683
7660
638
7714
3968
5012
3122
7509
7559
3635
7137
1802
2920
5342
7556
1747
3959
6437
7893
8045
5387
4323
46
3076
6307
9575
6540
57
6956
4545
552
401
656
4243
1109
4332
2617
864
2502
4942
791
4168
6248
3195
1248
6891
2146
9628
1604
8265
1306
4544
5892
9967
3529
3993
3373
3095
776
4680
9651
3517
9047
4717
5524
5163
9786
167
2906
4548
4814
3570
8382
4189
6107
3518
5766
2639
8548
247
3970
7783
6793
5538
8492
7678
147
1532
2755
4779
6724
8804
9561
6180
586
67
1912
6041
6550
784
1892
1502
7420
831
9132
4063
8216
4355
7378
9964
9797
8647
1134
2518
1104
7171
7453
7427
2618
2378
8314
6435
4681
4191
8456
1582
5856
2159
4993
6386
5675
7624
8886
651
5838
4167
8950
4644
6617
9590
3924
6387
5477
1725
9076
1022
5131
4677
1468
9041
9876
3223
659
918
999
4463
7079
7533
5557
3967
8856
7836
9509
4426
3037
9519
2055
4753
7359
4943
6150
3795
808
7077
4543
8818
2751
2697
2462
8559
2799
8567
5263
8766
8803
4229
5271
6792
6119
5161
7823
7181
6373
3682
3462
6976
915
997
7449
5481
6806
2885
5972
9376
8784
3425
4129
9877
3757
4985
5569
5453
8201
4030
5585
1287
2443
1068
370
7702
1761
2818
9992
208
8361
1411
1372
7259
2660
2347
5729
8783
8302
5150
4837
6612
3372
4829
7948
7346
1100
1707
2412
1529
180
2467
7770
5662
4031
6032
7543
8166
8968
5541
8136
7441
1820
9117
7679
4709
1227
8806
1977
405
2519
9768
8167
9217
3225
6505
431
9158
8281
7029
5731
3180
2089
2315
2366
7932
1220
4620
4286
1823
3985
2223
2093
8096
162
6996
7791
7180
9249
7331
8820
3078
4764
3227
354
6795
5700
744
3814
5323
9345
636
5429
9193
6621
5132
2684
2496
6945
7354
2200
6104
7781
4575
5918
1795
1681
3115
4364
9806
5842
8705
7665
2430
7756
6341
5245
5000
6568
125
3668
9093
2570
4932
8207
2625
3075
8466
4470
7415
1717
5802
6094
8011
3820
6114
7519
9913
7546
3580
2573
1018
3085
2123
9251
9260
9057
5705
1088
2560
4396
2436
3050
7482
5084
2098
4882
8675
9955
689
9058
6235
5392
8624
2086
5138
5797
2158
8234
3209
6932
2652
658
8543
4593
6090
4166
1234
5273
4007
1808
4144
1713
9037
3407
3368
6508
9602
9085
8718
1126
1496
556
3690
9126
8116
8975
8202
8857
1157
6908
6034
3316
266
9063
3658
3867
9166
4781
9691
1925
4813
8219
9526
7985
2484
1558
21
9597
4020
5503
3474
3781
839
6694
7450
5922
8263
6428
9053
8306
4981
6577
1423
4025
5977
8532
878
4164
4309
6784
9817
462
3746
7506
9883
6566
9153
2318
1733
6168
7200
3257
1173
4549
9507
1784
9391
9726
74
796
6277
1268
4124
4095
2629
7288
8879
4963
1278
7290
3322
4914
1346
4193
5358
671
8612
2811
8781
4767
1722
5513
6773
7494
6836
3765
5571
60
7435
3629
303
6725
1080
5466
506
8756
9220
3876
6366
7761
4927
2105
6276
302
1669
7419
8269
2661
1660
7764
6803
2110
1464
4183
2331
5418
9935
8176
1388
8270
9978
9743
2067
2336
1671
2464
2764
4478
7284
585
6217
9298
7803
1941
2547
357
9294
6463
5581
5302
1149
4464
4090
5135
6417
1752
5469
9135
281
4638
8996
1230
100
6345
7275
9936
434
5784
7810
69
1624
3232
5158
9556
3525
4214
72
3803
1526
38
8423
7786
5458
3437
1539
2300
1597
8460
7064
6604
5500
625
3450
3585
2896
5517
1123
2475
5367
6031
9465
3567
6955
9385
7360
2166
8997
7774
9679
4387
2438
907
9176
9698
6266
4083
9734
6798
2176
1578
3401
842
3761
4434
6893
4444
209
3127
8876
5981
9727
7989
645
6579
6278
4283
4692
9890
6959
6058
9543
1026
8835
5873
2828
6299
7992
4990
2525
2780
8630
5442
5812
9238
7320
7500
7911
763
272
1898
6167
6314
9046
8875
5257
3823
7592
8958
1413
3520
6953
9607
4695
8184
1547
1348
1099
9920
5415
3192
1721
5876
4978
6405
6833
6623
6664
6583
328
1247
529
5428
5247
5985
6204
6915
3566
9554
2226
406
4910
6333
7652
3609
7732
994
4135
8051
5052
4763
2207
5881
6993
2280
2974
7567
5620
6790
7057
8885
6253
2917
2662
6886
7167
4343
8360
9091
1229
3113
1957
7115
1585
7357
9765
4780
1838
6192
5921
3030
9169
4199
9130
8224
454
4928
1146
6868
3484
7703
6442
129
3922
7845
2777
8353
2114
900
7554
2204
9911
2132
5327
670
4599
7020
198
9134
2886
8641
8053
296
8049
9478
3260
4930
2341
7423
8637
3046
6151
5758
6082
2708
5772
3697
1435
848
214
7503
197
9987
3031
1239
4572
5437
5472
521
8562
6762
7451
7619
5499
574
1921
3403
6606
2299
2005
5703
7898
976
5359
5572
4221
3488
4629
570
6745
1600
5518
8889
1879
4380
5828
1987
7658
5008
8003
1430
7363
6198
206
6883
7055
6665
3848
3661
6815
4633
8019
8566
9321
2179
6607
2225
1373
9356
7340
9822
8032
9203
4751
9471
6026
4247
7046
604
737
4655
3921
6078
6226
3969
947
4836
3298
2313
4679
1313
3794
308
3288
4980
8771
1818
9601
7350
8528
7179
1942
3319
4292
362
1459
1909
4904
2604
7272
7018
6769
77
2899
8222
3022
8650
7000
2186
7170
4937
1763
8539
606
760
331
4424
5895
2236
1639
2170
889
1872
6819
3181
4969
64
2354
9642
2311
4100
2353
48
9997
9291
9788
5841
7643
8305
7094
5248
7295
61
3964
2631
4256
3235
514
8491
1125
4003
8565
5311
3284
8506
8200
4266
4234
3759
1452
5218
6791
9481
795
5185
9347
8177
7043
5674
8814
3797
305
1552
4893
8243
1841
8309
7476
8976
9766
6249
4010
9458
3241
4817
8667
5109
5679
7551
4458
6251
9474
7129
8689
8552
9818
8419
4699
5480
5016
8511
7486
5142
5160
2478
3832
9023
6723
3250
2292
6733
7742
155
3910
6019
9977
8085
2153
7099
4755
7944
1296
1129
267
458
2966
5747
6152
978
4665
920
8289
3544
3065
4014
8132
8478
3737
7735
8126
8824
3502
5450
3873
3763
5049
1959
4371
3645
4696
5209
1744
7400
6358
3663
5192
7917
8308
9577
6913
7460
9624
5872
8535
8808
8052
5166
2792
4054
5919
4235
4272
2695
336
3275
8662
5568
2048
8635
9052
56
2432
6377
6796
6331
829
9917
252
1224
1726
3884
6014
6622
4105
4945
2374
238
7587
6364
7936
9555
850
4734
894
2304
6917
4356
1609
6575
2779
7123
6548
9101
1985
1870
8485
2841
695
5140
5644
8831
7095
6201
2010
5174
841
6635
4116
9486
4800
9016
2556
448
8678
2427
876
2497
8936
9150
8010
9999
5915
4574
2324
6315
8144
4553
7667
2338
1311
7281
6889
1686
5583
6576
1764
7173
5334
8097
4578
2025
4733
9236
4208
1581
9235
5279
9972
781
7083
9717
4051
9932
6692
5308
7517
4258
2100
3903
5821
4592
8025
553
565
442
108
8524
8874
6384
4697
4591
5452
1419
5793
2691
8902
6931
9215
9128
2571
8494
6951
1512
7695
9930
8907
8987
5619
2840
9518
7647
7848
6208
4557
4716
423
8239
3987
415
4643
9934
787
8110
32
6138
4328
6684
2385
5738
379
9676
1903
4598
45
3296
6272
9360
5603
9414
820
5627
8288
9777
6322
1082
1384
4630
5833
3715
644
1238
8788
1387
89
4522
7499
9286
6291
4907
9711
4547
6857
3772
2320
8273
8422
1951
7116
1325
754
5949
6365
3475
7351
6973
7760
4686
5434
862
1467
2554
476
3438
360
9878
3139
8762
5035
592
1064
1323
5550
5776
6947
642
2335
9799
932
8212
800
8168
3317
4850
4508
8844
9812
1996
6242
9389
9572
9513
5909
3394
9373
494
1183
4041
5834
8351
5529
7613
8391
7550
846
9272
2693
1142
7971
2798
3170
5113
2287
4236
2788
4854
2235
3082
156
2668
1687
9821
2408
8655
8340
3565
8433
2636
3735
428
1015
1989
2157
1457
6211
5525
1003
2256
9770
2173
9170
7286
7396
3801
3138
1448
4276
8651
2422
2514
6903
3077
1252
7806
1488
4669
9856
6582
1113
3064
9110
779
8855
4443
6754
8105
8908
6722
6334
8468
6182
9266
7219
1396
8007
4313
8029
1692
2317
9953
6261
2544
1326
2718
1281
8707
6809
5328
8891
2977
6319
3272
5286
4959
5285
1090
4566
4521
7334
5206
4693
3558
1616
298
2838
544
1335
9647
7289
3379
799
736
9922
6464
9137
9736
1559
6344
3337
4120
73
7184
5155
8626
1263
1366
9473
352
9418
2864
1537
7156
4494
3940
6416
9614
5491
8284
8666
3931
1272
3388
4352
1864
2632
9293
8107
6188
3980
6254
6292
7841
5129
2102
910
7387
9402
4609
1167
5669
7646
4606
3516
7869
319
1971
3958
5938
2557
6432
1001
6303
4484
3595
7736
2446
6378
567
7424
940
5329
2770
8463
6565
4104
8774
7169
6203
5968
6483
8431
4941
3523
2916
5315
8587
5071
457
3627
5486
661
8704
3888
2801
881
9196
6963
7840
4966
5029
6267
9411
3684
1938
4561
3179
898
1330
6884
2371
1555
4801
6329
3238
8186
1967
1288
1162
1110
1164
9887
7855
7492
3997
7365
3778
8685
1520
4875
1361
4703
3887
8070
5755
7342
5885
76
5761
7140
674
3842
9050
3004
3405
7303
9938
9825
1456
2948
7429
2929
5278
6137
59
106
1365
1497
8082
5212
2453
3900
9858
9306
4738
8162
7222
8324
2277
8920
4835
7114
7924
5682
7473
2164
1371
6774
613
4861
8582
8676
7343
9069
6681
5716
8482
2863
9426
5984
9038
4847
3406
6122
1630
3707
5711
5079
4725
630
7822
8795
543
9445
6930
9960
2121
8435
6523
236
332
3193
9214
6971
2221
7639
3001
9580
9906
609
1975
2174
4765
3280
7142
274
9982
3487
6166
391
508
9398
3851
6702
8796
886
55
1554
3010
1385
9044
5385
2047
7747
4346
5087
9627
4308
7231
8928
8660
8474
1270
8322
6677
3218
2029
8701
5060
5617
1256
2824
979
9295
2396
5901
4534
7902
4541
8811
1658
8141
7383
9374
250
8362
9400
6033
3172
384
3868
9014
9749
9177
1354
7935
6352
4874
8512
203
5220
8674
6336
845
3329
4533
772
961
5599
6055
9003
1807
611
9524
3542
6363
3114
7915
7794
3594
3581
5346
4799
1728
3919
248
6563
3055
2991
7330
6141
4136
2812
9292
5858
1184
6227
965
1476
1285
5420
8247
9757
3467
4511
8122
5830
1147
3654
8852
3753
6717
5681
8812
1540
2234
8439
1698
9739
5718
6885
9961
5924
3953
5361
8556
5381
720
9036
8260
5715
2753
3346
6446
6018
5374
7793
8648
8836
1097
691
143
5597
3785
4205
6739
3247
5351
43
9570
5685
2637
8760
6218
5732
490
6954
1632
4948
8604
1878
3378
5226
9049
1853
3216
3299
7191
9504
8436
1154
3443
259
3650
4060
5124
1443
8430
8278
5967
1627
3500
9322
5630
5007
3418
3448
717
5996
417
9488
8551
8154
9491
8473
4744
8077
2767
9963
9939
8598
8596
3622
6808
5906
5870
9198
9305
283
174
3818
1069
3855
3391
7704
2897
9516
4884
3872
8921
1861
6189
3301
1634
8449
3509
6015
4647
13
3096
5467
5296
1890
1720
4641
641
3522
3546
5277
8417
2761
753
9353
1317
1341
9773
7203
6614
3936
2938
3233
5375
9492
4011
9290
6410
2431
2113
3545
4334
6480
7467
7504
5357
9
520
7730
5120
6368
7539
4707
7368
3276
427
3960
7723
3846
4623
2635
9304
2771
6420
4057
9472
5720
2983
5338
916
4831
86
5340
2372
8896
7688
4934
958
708
3666
3619
7355
885
5678
9696
1821
4344
2251
3798
4844
6220
4017
5737
8489
240
6513
1161
8220
3314
8060
812
9888
9578
5785
144
7941
422
8398
8248
1575
3694
3508
8410
8372
6492
2279
6403
9798
5753
5231
8149
5106
3152
8798
3331
153
2595
7310
2677
3864
5811
6097
8995
1929
7876
3142
622
176
7163
194
4569
2722
1759
8621
5388
2384
5162
1695
9243
6870
5646
1205
4148
8047
4439
1035
628
8570
9413
3894
7080
187
3084
8613
5540
4156
8349
7934
7463
9333
3573
888
863
2425
745
5893
4688
5389
2888
3005
627
9287
589
9919
7710
5301
5943
2283
7939
1265
7583
3883
1232
9848
2892
4462
2958
2831
1805
6302
547
169
7812
5126
2248
9715
5485
9898
3526
7965
6525
6707
2513
3151
6213
6072
594
1617
2653
366
241
1407
7520
9587
6462
42
2925
2904
7662
675
1623
6294
8470
5293
4476
5879
6771
4218
1749
97
8161
6067
4550
83
4321
9422
6615
9780
6530
5945
9279
5664
1028
8590
7246
9638
441
5816
1062
8767
6668
4559
7502
459
2115
6142
255
853
7516
4270
3263
4670
9735
6409
9105
9669
8782
2198
3433
6856
8355
3767
1083
2748
1307
5352
5745
9005
3359
5172
4452
4142
2936
852
5251
7120
2154
9827
7838
6867
8878
9248
220
3638
4305
2138
2441
517
4431
7926
8215
8765
751
7712
5610
9078
3178
1293
1301
830
9703
7980
3986
2633
109
4285
687
488
9208
8780
8115
2568
2358
1710
9571
1590
3153
20
2364
3146
8943
4262
3601
7750
635
6436
731
4425
4774
8521
2891
8015
7053
4986
5883
7458
3270
7014
5013
4877
6825
5465
7573
146
5586
7858
9910
372
5556
7923
1043
4487
6068
8139
4666
7734
3965
9558
5103
8915
6222
2040
905
5509
8395
4078
7918
1217
9273
1709
212
6262
8737
6800
2037
5520
3675
5859
8251
2022
4303
333
1469
9423
8066
5027
6326
2493
1931
6580
4388
1094
2286
5835
7878
8443
6234
1166
3463
245
6422
4400
9528
1357
803
5786
5686
215
8871
6688
2001
7194
6305
6838
8819
2134
6271
2694
5760
2030
3447
4972
4711
7006
9007
4419
3947
2241
975
1084
7090
5254
3132
4417
8143
3459
3377
8525
5770
1251
6388
7242
6324
9869
1474
3610
4139
3183
5995
5726
7332
430
5947
2137
6343
677
2369
9539
6652
4577
1586
5613
4685
4246
3014
639
2664
9337
5168
4085
8603
6355
8919
5803
2558
1850
877
7197
7172
6859
5378
5725
3400
3315
1309
327
7782
6687
7778
416
3679
3739
1564
3909
6010
5975
1956
189
1643
4018
3989
8978
6093
6194
9845
8953
6938
5564
5735
6871
1754
2006
6237
5006
2272
1998
1178
6524
8815
5625
9535
8563
9764
5102
3213
4958
9392
8988
3727
3303
1543
8833
7154
5570
5757
4423
2535
133
7489
9066
6050
5353
3269
4330
6554
4731
8487
2118
235
847
1661
6124
8344
5533
597
5171
2355
2052
5233
1128
6021
3196
4503
4918
6161
7531
5110
7831
4013
2567
5350
2705
8627
6821
5
9677
7960
2474
5412
2623
2603
1044
6062
4297
9748
3134
1893
3300
6486
8228
6946
5180
7950
9741
3749
1817
9625
1259
6183
2419
7697
2202
6300
9390
5774
9483
4771
928
8909
8547
9506
2858
5031
4407
9563
6330
4280
2800
9740
207
9289
6247
1482
6643
2607
8040
1374
9927
549
3808
6487
5860
8194
8720
6544
5863
134
4931
8008
5441
2420
612
8508
1339
8173
491
9457
7682
2466
8310
5764
9662
2316
8375
4804
5701
4926
5393
2817
4429
6902
6695
9233
7384
9027
7327
6351
9495
9436
9350
9320
4381
4027
7925
6596
1715
9009
2418
9673
9409
1955
6753
288
2882
539
4955
4785
2893
9840
182
9965
4069
3294
8156
2615
7221
904
3920
6210
8533
3268
3686
4903
8906
71
2172
7949
2066
1140
4968
5643
3091
1530
7988
2390
7661
1143
2082
6699
7100
1689
6236
4141
5754
554
3334
8254
9862
1508
8175
515
2647
884
2034
3071
3937
4333
6845
3291
3417
9160
590
7495
5064
166
3287
8985
7206
2521
5719
9576
3774
5717
9496
8471
8418
3228
2969
6712
7292
9000
4260
2499
5687
6997
3602
2842
5614
620
6719
5194
8475
985
4301
5236
9841
5463
8081
9185
3974
380
6965
6760
6541
8086
6629
4310
870
8182
3521
6111
5317
4326
447
9541
6901
9404
2690
7527
4488
1158
4834
4076
1347
4743
8614
555
5850
5326
944
8862
5531
752
3309
6851
4849
657
3278
8117
8429
5637
5108
1608
1982
7230
5307
8840
593
9695
1792
5724
317
6711
5042
164
5505
1737
3946
4450
7727
9623
4012
3531
3016
7987
36
1626
8009
1949
91
4126
1858
4580
3094
6770
1491
2773
3147
2803
7389
7856
9702
2169
4995
2650
3017
4131
6823
4752
770
2004
4975
6642
3972
8723
5912
5677
4299
1019
2480
2572
4560
6295
9508
3802
7532
8495
9884
5195
480
3435
8588
2765
5794
2515
4860
4006
1427
5214
785
1937
9531
3441
7673
9671
6027
4264
6445
227
4248
2700
4117
8326
2996
4176
9832
6130
986
6337
7487
8076
1400
8001
2008
1195
4855
5790
619
2433
5559
6091
4661
7412
282
3302
485
118
3750
3816
3038
6361
7247
5090
4395
8223
6757
2913
5053
4394
3514
3731
7874
6035
8160
2719
5527
4486
4036
7217
571
1628
809
7757
6811
3253
6003
1350
2095
8131
6928
8717
4983
561
3476
1406
963
9008
684
5105
7808
775
4608
4106
3466
4506
9511
52
526
5932
4564
9771
4194
1855
7766
1007
7132
285
7367
7483
4497
7850
654
8553
2405
2735
6518
7258
230
5752
3111
7919
8986
1254
4318
7047
9313
600
3116
5965
381
5281
2548
4086
411
4081
7249
6381
5313
3975
3681
4862
7599
444
9323
2326
7937
6820
39
6149
6584
4789
4281
9973
4682
4613
1362
367
4468
8400
2218
2741
6536
3929
5298
4102
9585
3259
350
9232
7623
4748
1324
8750
4465
3656
8206
811
8125
9094
821
6849
5020
5976
577
4109
7411
5808
3582
3176
4322
410
5283
5380
5391
7887
8024
4758
5647
6960
4068
7128
225
3266
9325
5867
7561
300
7797
1245
1041
5640
3743
1463
2426
4436
6125
872
4726
7478
2757
746
6923
9139
9168
6573
6844
9899
7633
6888
4338
3156
2506
3495
4230
5928
5072
9745
6778
8728
5039
185
1548
9441
8982
748
9229
4127
5888
3994
3978
9067
3350
392
141
7909
7490
6139
119
1690
1913
9996
2323
8054
3305
2489
605
6587
7708
1191
8609
6274
1716
1886
5426
2583
8171
4279
6571
4118
4130
3124
7765
1917
219
8397
4513
3550
983
1979
6675
6650
6912
6998
3328
6657
9163
7254
1522
3504
9377
3928
572
9256
1235
4951
5061
4576
7711
2910
461
1486
8114
9833
9860
2740
7626
2009
1318
9468
1397
4919
5652
9631
3732
1067
312
9685
9981
11
7612
2109
5501
2483
3877
3683
1846
5127
8850
1336
617
8892
8359
2939
4043
6716
279
6202
2
5587
3308
9533
5946
6209
9367
692
1382
512
7521
7372
1473
9149
6732
9161
7426
5266
929
6006
7025
7884
5567
662
7233
9335
7308
7304
7205
9564
5136
7088
1786
8044
992
3306
123
5846
6419
8290
5621
6936
6555
833
5406
4016
8499
7790
5648
4408
3933
3639
9245
3019
9087
8459
306
8695
3174
2933
6001
6749
2669
5223
5970
5345
233
6134
7931
7510
1923
3718
224
8749
9490
1420
2373
3421
6255
2012
7916
8618
3740
1560
8037
2457
6239
2586
8013
2881
2073
883
6814
6743
6421
767
8805
6279
1176
9534
3643
8849
2043
9617
3311
7897
7071
6866
9800
5807
2016
9254
389
5800
4000
229
7285
9179
2601
5665
178
6648
7798
1475
9859
9223
343
4435
2116
3369
2790
6074
4477
9089
1334
2303
5445
3977
9330
9903
8080
396
3838
5576
2266
468
5398
7192
4714
2723
7005
6383
2703
4373
4113
8947
2890
4888
6206
2345
2679
7943
4809
1691
7946
9874
2454
1156
9075
4938
6641
3390
1928
307
121
5978
311
4150
5474
6136
5037
495
764
7224
9282
8287
9523
9231
7690
9083
4403
8846
7379
9632
1218
5728
4585
5382
8058
3007
7740
6491
6190
5623
3015
1594
3336
6328
1055
5936
2071
4769
874
1874
5973
873
3528
1973
4383
2285
2411
3262
3996
9839
1888
8237
4163
6952
1340
5934
9035
2301
2666
4360
1236
6471
6921
3121
5026
3881
258
8927
9566
2168
9880
8345
7705
3131
418
8004
3880
1223
6509
9637
4554
8645
1751
7601
326
6441
7407
4946
1206
2195
3711
7945
2075
1880
9581
9042
2459
3326
9461
2308
4062
9548
3323
4842
1061
6726
1087
9183
1809
3612
6848
6011
2149
263
1916
3159
2348
6626
4179
1246
4146
9598
7413
8841
5390
4238
1114
3290
2806
3267
9103
938
9678
1538
8712
1052
9096
8427
2827
8242
8693
6193
394
7267
5796
6588
9102
5566
8643
6789
9747
8297
6557
9028
4704
6526
8208
4445
8252
159
94
1493
2931
9348
8890
120
4896
8825
8951
925
8258
6948
5495
3579
4108
7547
3805
8021
1771
1978
9834
479
673
7066
2039
3839
5898
8688
9226
8092
7817
7193
4034
3564
7031
355
2988
2865
7986
1580
3724
318
972
4496
337
3249
7001
9416
1120
4520
3468
8616
9675
2470
503
7033
6443
7618
5217
8724
8755
5365
3092
9989
8384
2671
2545
3245
1940
755
1328
2435
2934
6693
5017
6112
5261
6407
68
425
5076
8746
4098
5508
4916
53
7026
953
489
7677
3571
2715
2900
9088
891
3875
261
8710
9493
2468
4762
2125
5907
933
1849
3073
2641
4032
5775
7922
6430
213
502
6228
2681
9689
7687
2932
6070
6735
3874
3632
5851
6926
2171
6399
2952
6020
2581
926
7122
6459
1702
7863
2108
9971
3613
8785
3324
1527
859
1449
1175
5937
3148
2175
6479
7691
6837
2624
1504
7035
5605
7686
9682
7820
6293
7208
4171
9660
7405
5292
6478
2509
2649
3590
482
1180
2244
5318
2852
341
3385
8863
1049
17
2940
2769
1253
6972
1237
4761
5818
6517
419
9720
105
3210
9045
50
8193
7228
5416
7089
3279
8250
4526
4467
8851
6542
9882
22
3552
378
5689
7268
3662
9604
6697
4624
7649
9034
1168
1704
5683
6721
4662
8538
3822
3604
3849
3945
186
2399
4878
1566
3572
6392
5942
5982
7337
1276
8437
8454
3917
4745
2987
5563
828
7938
6013
5612
6967
9017
6858
4794
3766
2819
7663
8039
9583
2549
4735
5553
9636
3382
2184
3009
8571
7570
9459
5864
8736
9775
584
1091
1170
8594
8283
5697
5005
3456
6672
7226
8730
1002
6875
9261
1446
9650
1569
413
2485
3902
8610
3281
5447
1376
8329
3149
2074
4099
6970
9300
4250
4987
1108
9020
3130
37
5355
9025
2919
4376
2090
7287
993
435
7491
4501
7694
8870
6370
5256
49
844
8328
8063
2522
3042
1045
5741
1426
3199
7512
6990
1884
1813
7908
7225
3049
8802
2750
1101
1434
4750
1188
9104
1481
3083
27
9633
6701
2061
9640
4212
3879
1380
9145
7301
9804
9059
6371
3891
890
5047
6624
2659
6600
3080
4594
3950
3555
1260
8900
8768
6504
9318
8948
438
7586
7402
6700
2638
1819
6427
1664
2651
8048
1828
5651
8099
3240
6751
2787
6942
8866
7997
9626
4224
9362
5987
3952
5149
3956
2085
2854
7244
7524
1479
643
7442
4324
3409
3480
8692
2914
8914
681
7168
9334
1202
254
9308
1509
9343
8038
152
9962
1697
5522
2606
7560
3963
7305
3561
2706
3835
6613
7564
8214
149
3636
6564
6887
6059
9494
3140
7315
1115
6895
1216
9924
7401
5159
8615
3345
6460
2379
8977
3562
8336
402
8294
383
7070
1337
2069
9410
7827
3659
6316
4048
7108
7883
6037
6321
9108
1589
7724
6269
8062
3787
3708
3634
7534
9437
9449
2752
2410
8292
2162
3229
5009
5889
2807
9709
8465
9407
2605
5920
6309
7648
1442
8036
690
2120
3789
757
3248
9767
7894
7251
1637
3885
3086
9442
8990
3524
8055
8779
4399
9849
9868
3966
5512
6916
9380
4053
9064
2640
8069
3537
6424
6631
2862
9828
1745
2177
6159
1198
2350
3824
4474
631
1453
4251
3123
2959
4887
2500
5227
8211
4075
5115
5306
7895
1769
5069
8109
9138
3099
5021
4889
280
4317
7409
8550
4411
6076
7356
7256
4067
8103
7176
9951
4658
6935
9606
1953
588
3420
3979
4872
6191
6515
9119
6118
4040
7634
4897
7773
4349
54
5175
6729
2152
8323
2822
34
4448
8152
2845
534
6257
6453
7010
8714
8952
9463
2712
2437
8366
4705
7824
3533
583
4815
2117
8706
3414
4461
4527
7484
9612
8981
694
9001
6429
9448
1964
7314
9630
8205
2167
231
5964
5633
474
4759
63
5098
4385
5207
4754
6485
9643
2339
7374
943
2667
2657
6593
4838
8773
5364
8229
4540
2543
5857
3020
1897
8800
163
834
8421
145
8420
4997
9073
6318
2361
2688
8860
137
101
3557
7706
3507
2096
4138
7995
5258
5229
5929
4891
6008
5433
5422
5756
2136
2340
7581
9144
3222
6155
3136
9466
9738
936
8232
8858
6240
7651
3948
4602
5101
4466
5025
7291
8867
1116
4999
2421
9340
2297
9039
704
9871
7763
3171
1199
7557
8272
6501
1789
1
4698
6243
8484
5059
4331
7395
7572
6157
5749
5963
6534
7645
1857
4883
4421
4044
8599
5264
9732
6023
1071
6224
5443
4870
7339
3264
6737
1138
8312
2388
7447
3442
9405
2491
4442
6052
7092
96
8792
2344
4664
3399
5483
168
3649
8787
3242
7511
369
5649
8043
6519
9213
5479
7746
1902
2402
8686
3160
7666
3108
5902
7728
9701
4517
6433
1231
1867
7072
2833
6949
2002
4472
668
3915
2663
7468
1667
2023
7656
340
6545
3705
1327
6075
4778
9022
2495
1181
7664
7422
9106
9599
3393
2057
8130
1958
7067
8716
3817
9234
1367
9435
9097
9928
8631
5280
3779
4220
1072
293
8455
3214
3646
2257
9613
7220
4962
8364
7789
4876
7553
4073
8911
8515
103
7214
6535
1222
634
3431
7545
1344
9228
1241
6850
9588
9460
8217
7555
9502
826
7610
9926
8319
2992
7448
5601
9782
7881
8444
7880
7868
2382
1503
8973
5969
1506
2189
4528
484
2196
7414
9467
7611
8966
2003
8713
6332
3723
2398
4005
8748
9328
5497
5199
4232
1425
2575
2252
9351
4413
8726
5622
8094
6787
1196
3352
6546
6768
2699
373
5781
9866
9122
9244
6975
9342
5926
4348
3161
6649
8634
7076
9257
5956
2597
8158
8
2877
8119
9387
7052
217
966
4269
6941
110
5202
7022
65
2973
8016
7718
6172
5547
6110
1614
8829
3614
5002
190
183
7204
7044
8369
321
9634
8363
3013
9151
9123
1899
8255
3702
4519
2329
4806
7620
667
6470
1515
3738
734
358
6256
1887
2367
2905
8476
4002
6741
277
1089
1023
5300
4406
4022
2288
960
3560
4538
9365
1308
1573
8510
2101
4940
4277
4392
6592
9211
3471
3748
3606
2046
47
1135
6181
4151
9331
2656
948
9710
6549
1570
7059
4636
8983
4061
1943
9033
6280
3745
5369
1271
234
7942
8593
9259
7333
7212
1662
7681
9510
6834
8300
7637
7034
6270
301
1379
7638
1024
6520
2306
8127
1492
9157
2918
5951
4562
9545
7479
3104
4546
9816
9181
7318
7590
3607
8327
1791
5852
6391
7375
6842
2816
5763
4498
7175
7459
8079
9355
7979
616
4092
1075
4529
9381
9316
6989
3821
4936
1572
7084
7722
1377
7319
6689
6761
1832
8330
3882
493
8520
5989
8315
7391
6516
2309
316
9517
1556
1444
4071
1081
2524
9326
1266
251
51
4185
8325
5019
1718
8945
7842
4170
6450
1835
563
2351
8526
9146
1739
5249
6679
2487
9018
8452
8980
5044
8106
6158
4495
9219
1876
696
9283
4652
325
7323
4088
6390
501
2239
7141
8777
2135
8264
2837
8930
4111
5065
6964
5746
9915
1182
1355
1521
323
9686
5595
7119
1277
1243
9794
5709
4556
1417
1489
8135
1607
1291
8682
8440
9855
4822
8245
5523
6899
5448
3101
2701
8799
3577
702
7107
4451
4304
9646
4329
6038
1571
8964
2942
2413
2860
499
6264
1963
4132
6533
3424
232
937
5584
854
3070
2943
9886
4422
8577
954
5600
6105
3918
2566
6676
7959
3439
4625
154
7607
5104
6376
9815
4603
5615
8842
8513
3457
8786
3059
9394
4410
9012
4079
8231
5511
8428
5606
5086
4845
7152
2133
1665
2274
2648
3696
5343
9092
1204
6728
7604
2531
6705
9452
6144
4631
6900
9753
3202
3554
5966
778
2254
3513
2717
777
9205
9202
2032
3482
6794
4839
8859
256
1057
4398
9209
4604
6223
7498
2305
2643
576
3150
7973
5819
7904
1804
1645
6662
1215
9207
5305
535
3168
200
9191
3364
1338
6521
5092
4570
4818
8236
465
4369
2151
2923
7085
7759
6730
5492
1409
9620
2610
7271
4672
3025
5778
4687
9674
8904
269
7978
4177
5604
3543
5178
7968
3343
4004
309
2984
1568
5990
6779
5575
1873
4908
6671
6030
1711
8503
9707
6109
669
7582
6051
3469
2356
7713
8969
3187
6567
8041
1364
3157
5056
7477
3791
3079
4161
9795
2498
3027
573
8262
4810
4868
6527
2409
1729
8753
3478
8014
4257
4567
730
456
9664
2962
1478
1095
4217
3492
1171
9557
6047
5057
4989
1946
9268
5952
786
8483
1974
4094
264
7255
2998
7109
9813
6482
2726
6268
3449
2019
9809
1961
3052
9907
1574
5167
3703
3045
9109
3810
1612
4499
6646
5003
9933
7526
1730
9111
4950
4504
6009
5672
1010
9275
8333
393
7585
3366
8188
8605
6937
6969
3429
1207
1290
8664
6589
6016
1038
1840
8668
5931
7469
2013
3060
3088
8197
9622
1121
8497
6558
2732
7962
4866
4125
728
8939
8064
4427
7202
8591
1078
9487
1551
9857
9173
4449
7748
8352
3826
8504
6175
6449
8479
3549
5855
8608
5139
3057
9015
6628
3105
6601
2461
4895
8654
7016
4784
1098
2212
2265
7443
4252
2645
7183
7784
3338
6667
9648
8356
4740
3141
1439
7846
3898
7617
2452
2147
8905
4315
7040
2763
5128
5118
6597
742
7609
345
7865
4863
5419
4165
6089
3384
4216
3182
9252
6356
3623
7302
647
7636
9706
8477
7283
5157
1345
130
5457
5454
6461
2307
8770
6777
9140
1518
8823
8828
580
855
2982
3158
9789
1621
8408
2713
8622
2511
5240
1706
2587
9730
7430
31
3589
4028
7870
9744
2240
8432
4805
5145
8373
2869
9048
2033
4114
8286
6184
6983
7030
6759
5598
9986
2926
8696
5768
1429
8174
1160
8901
6431
2654
6367
9546
6892
28
8348
1915
914
1932
5792
3831
314
3416
8775
9216
740
4480
718
6288
7276
4178
2995
7852
680
9649
5880
4066
4351
4737
8507
9692
5151
1375
7769
8671
7322
7914
7392
3641
7958
1390
4525
6682
5959
4213
3392
6594
6178
5421
1860
3741
6788
2963
2018
1498
7063
2922
1699
4358
3713
5081
2749
5660
82
2250
1997
4627
5408
9401
3419
6466
500
1799
7341
2912
2181
9923
4490
801
6012
2774
33
3990
446
8677
1801
7243
3857
450
3593
1991
7280
840
1620
9081
6720
6661
9957
2861
3145
1269
8209
2608
3642
3237
9872
564
5080
5560
9131
2784
9314
939
5960
3991
5349
1742
892
3905
3024
7888
2445
5535
9277
3186
3451
2737
6797
6312
3453
7381
7146
5702
8415
3819
8629
1760
5122
7811
7701
3090
478
518
1242
2293
6232
7349
5801
9454
3865
7800
1298
2261
7737
1438
4977
9077
2507
8134
1640
2455
1622
2264
9253
25
1073
7580
548
8679
1383
7237
1416
6807
4840
2596
1593
9752
8729
2342
1102
7110
8683
4667
7641
9070
738
3498
8155
6079
1774
2814
7615
5401
7475
5073
7659
2676
4402
4674
6084
624
150
1541
7364
3563
3605
9324
1445
5706
8469
6448
5332
8606
7178
3201
1017
9925
6489
5062
1962
6559
7622
5631
8665
3729
1145
7795
8684
7455
6164
7265
221
9980
5813
6379
2997
6896
395
1678
3000
6713
1174
2879
8285
632
3637
1034
5363
527
7873
1255
5107
5170
3764
175
3651
5377
2855
4956
8365
7007
5299
3452
2333
4023
3860
4366
2056
2199
5394
44
8893
9742
3768
9944
3670
9645
8877
8699
2097
510
3226
6816
8000
2281
7376
5099
6411
199
7816
1904
8922
9115
7738
2908
177
4920
6966
880
6633
8350
7185
7606
2337
1163
8979
4282
3598
2791
7957
7565
7009
6494
3556
7625
5461
8026
1353
9386
6469
6981
4510
6057
9807
4287
6053
5048
3644
5736
4539
3704
6475
4367
4291
7136
1606
6259
5618
7061
5721
5638
6207
6290
9551
6595
5125
139
7522
5628
4160
4263
2745
24
4107
2895
257
5655
1631
7854
388
6581
4933
1507
3380
6414
6394
714
8652
8703
4418
9297
7416
9725
3559
765
7552
5397
1332
4119
2871
4812
2063
278
3899
1673
81
8413
1219
4342
6298
2866
1881
7597
5869
1085
7106
469
2592
8751
3886
721
7418
4226
6049
188
4952
192
9569
9591
7815
2026
5905
9030
9842
3244
6452
4965
9068
3674
1815
3496
1546
7326
815
3335
8357
1561
3541
2805
9769
4984
3995
1213
6500
3647
1871
5986
7039
9958
3667
5698
1677
2594
8913
3112
4390
1194
1567
8195
6654
566
9280
7045
7956
8354
9480
3862
8602
6005
8659
1549
3412
9358
7864
5409
3688
2291
582
4796
6929
660
8589
6709
2111
2233
6944
432
3282
5650
1845
1657
7218
3313
9303
6169
4612
1431
6618
3258
4471
7717
860
2210
4654
3527
804
6425
6287
7674
3344
8557
4169
1780
5324
5413
9237
1193
4268
4409
524
2296
4823
4240
4187
9424
9905
79
102
9969
7496
5456
449
5917
3825
7121
6879
8457
5713
196
6004
9994
1393
7105
7131
23
8335
8192
7165
1107
2956
8210
8165
2627
3197
5478
4921
2209
6651
6395
6123
768
1562
8075
7390
7501
41
8450
3833
5015
6880
2215
980
6877
1863
3628
4678
3058
5562
1859
3850
8002
3292
9451
3444
9914
2887
7187
9700
1723
7771
5276
6691
4459
9610
6197
816
7397
1889
705
5911
1844
2142
8595
9428
2589
5067
1472
9802
9724
3464
807
1945
2579
4610
9206
6385
6353
5782
783
8018
7726
5089
7058
9988
4347
9270
387
1011
4091
3957
8937
6562
1528
2523
3321
5862
8931
4420
5941
3616
2465
9990
2646
3033
6085
2986
8854
181
8256
8644
8883
949
4231
5137
7689
9950
7940
1322
857
6455
9212
6077
9760
7589
9909
1210
9113
5694
3725
6214
5666
4029
5440
4327
80
8316
4147
1495
2736
2611
1653
8068
5268
4901
7474
78
7306
4783
2746
8406
7234
741
9384
6783
2856
8133
8304
8529
4653
3828
2993
6171
1647
1300
3841
7579
9984
5739
1644
672
4589
7279
6772
1682
4026
4790
3204
9993
3685
6781
3068
887
87
758
3169
8956
4881
8941
6456
3367
5431
8332
6133
8183
9688
287
2565
5041
7562
7408
1924
7294
4852
4616
974
1772
4944
9352
2245
6598
9582
735
242
295
9759
3040
596
895
8670
8098
6840
9553
5744
3191
1926
2242
6044
9311
4873
4311
1933
7575
5228
6758
4555
1920
3383
1261
3256
6841
9904
7078
6260
579
1056
6349
637
2178
7563
5822
3348
8826
4867
9489
769
2930
7629
8573
5188
421
5994
9722
7133
2051
2203
1598
6586
4192
8091
9968
3205
2859
581
1952
6636
1992
9455
1787
8318
1103
204
4500
822
5944
1169
4802
8897
8530
5777
1885
5743
3386
8118
2360
3611
648
8172
1756
9875
4021
6578
4015
2349
99
3164
4379
7406
3415
1603
8074
7969
6323
9055
6854
4537
5653
6396
995
140
3769
8954
5001
3503
8734
1625
9536
9942
4447
7296
1531
8663
4055
9056
2642
8150
7819
253
2756
1776
7311
193
1424
6599
6718
3592
4159
990
2696
3551
2876
3916
2447
1826
8810
6507
7012
470
4890
8073
1970
9419
5488
4223
867
2232
6680
3804
1544
1063
2898
805
3333
1356
3198
8277
5641
7229
8790
1862
7796
6284
1701
8882
2512
6611
1415
3166
9560
7248
5657
1349
3006
6740
6440
9485
8404
8569
2092
813
2492
653
437
8078
6826
2044
9396
7593
4389
4732
4502
8554
2826
7277
861
5468
8411
8022
4188
4137
6894
2139
3912
1226
4994
771
2473
6244
1249
7719
8845
8035
58
6252
4505
356
7578
5014
3472
6919
7264
3089
226
5379
9656
6766
1587
4288
4405
8005
2909
6040
743
335
3470
1615
913
4293
5070
3035
6660
8496
5759
8888
216
8731
2658
3771
6511
1257
2704
6585
6861
3325
2729
4961
1700
9195
5356
3640
4415
6346
7631
6147
1524
6347
646
9559
3483
5629
5114
5045
7445
4267
3107
3273
973
8101
5871
5405
5676
9124
8702
4242
9162
1735
4278
1267
9781
3548
1060
5216
6265
522
262
8719
9309
4249
4087
4788
1906
697
8700
8061
2423
4924
7166
3827
5773
3307
9573
4531
3428
2294
7196
2534
8190
686
4190
3485
2197
8527
9447
971
9276
9731
5894
5810
2062
7871
1919
4808
5234
4597
8108
5798
1454
5004
9684
5608
452
6704
3652
5642
2804
7837
195
2380
6608
7952
8178
6056
7954
3538
5722
7270
3297
5449
9010
4200
2068
8146
4172
650
3362
9864
9199
6922
5534
7317
2844
2971
7159
7538
5552
4391
365
6493
2080
9943
6905
7037
6408
538
8505
9784
4786
171
7591
4518
8934
2578
1214
9959
4354
2165
2921
8181
9371
1675
5038
3574
5903
4416
4362
5211
5075
9079
9826
1200
439
6644
5712
202
5179
3293
5156
2471
4853
562
5948
8903
9635
6977
289
5506
2724
5274
2731
2569
6906
615
3356
3118
351
4393
6389
6362
1684
1414
7199
2099
131
2915
8170
9427
5780
8266
3397
2614
3925
6121
6108
6412
2328
5119
1896
2365
4514
8776
1514
9440
4992
6620
4241
4601
2878
3506
334
8056
2964
3617
912
4112
6818
655
7452
7775
4979
7465
3631
4626
6092
5999
7801
1596
7488
8124
8923
725
2675
8129
6934
9344
9716
6829
5845
4671
4727
8488
8493
1762
8438
8940
7269
6531
114
2472
2126
3730
9189
390
6338
4370
9379
9357
6968
2442
6042
9530
7903
4219
9469
9755
3120
1777
1613
8371
9690
8346
19
3719
7060
7028
5897
9713
4573
4729
9712
8458
2768
1432
7316
6910
9823
8368
5539
1031
2709
2079
8757
869
8541
6914
7155
2187
2042
9600
8299
8838
5899
3815
4475
2027
4775
7019
7313
8447
3135
8059
6830
9090
6556
1588
2778
3354
1778
3836
4587
4530
4412
9947
7671
5592
9175
794
9694
4588
2387
6703
6281
4851
7470
541
2330
688
6991
7471
1046
1027
4507
4437
3494
4820
9931
3569
7102
9661
4660
7685
1605
1465
3063
4225
2672
1501
6275
136
1783
8271
9619
9246
8962
8268
8848
1724
4307
6647
7380
3809
4640
5565
9013
9364
5269
5727
4082
7558
1047
8816
9948
7879
5198
5489
9641
7844
5444
7542
7493
7144
377
7594
223
9421
2193
9596
409
85
5241
6045
7951
8709
3834
9835
6457
911
433
8999
7530
716
4885
9629
95
6117
7700
1542
9758
4446
5121
4350
2613
9159
6574
7886
4302
4101
8050
329
8967
1312
4898
5667
3371
7650
3255
3813
9019
6241
4365
9141
93
9107
8623
239
8376
1130
2612
901
5843
4039
2868
4259
7541
1294
6327
598
5891
2820
8303
1009
6882
4374
8963
4702
8681
2999
7036
2960
5196
6734
8472
5058
3648
8358
8640
1988
6852
6862
7832
9432
8500
9002
5530
3773
9084
649
8597
1636
1765
7223
1908
4483
4715
9683
4202
3261
5191
1557
6690
1471
8636
8918
5189
9004
9190
6869
1868
7051
1250
3742
3847
9278
8708
9831
1757
897
3911
8046
818
5546
1412
8832
8088
8102
1004
7130
1447
5335
9125
8140
5537
3489
5319
8180
7535
5133
1775
315
5383
3067
6619
4401
6920
6831
4174
2839
1990
3185
5526
9482
7151
8742
1714
5691
3539
2825
7772
2271
3188
9680
4596
9182
7963
249
7729
5791
2857
4162
5460
5624
2249
3215
8929
8313
3678
7853
2180
7250
1131
8546
5459
4284
4440
1683
7282
3799
5515
5169
5645
2847
5190
1535
8095
7805
1013
5577
348
7023
5464
3207
1642
268
3671
7245
7616
9006
1834
856
9776
4535
4912
3796
6028
3983
7982
4140
1619
6514
2582
3044
5635
1738
5221
4227
2448
2314
7238
3103
1533
35
9901
6510
1891
9609
9666
4306
6212
4858
9605
4143
1262
7428
3434
7825
7150
1320
2994
3777
6775
2955
3586
4998
7024
749
7642
2217
4430
9429
2302
2035
5284
7370
5913
8991
8282
9639
2821
8163
3786
6853
8549
9521
7654
9542
7991
9301
1705
7126
1096
2809
8071
3339
9116
4859
8827
504
2476
7947
4145
1865
9397
3998
2469
9443
104
463
5164
5250
8754
4947
4357
5484
338
4253
9761
4233
1803
3028
1141
525
536
789
5411
2451
533
320
819
6258
9082
5181
8392
2463
371
8585
9383
2376
7
6755
2935
3351
1433
400
1847
1152
4996
9586
7996
9772
9438
4749
7164
9148
7741
132
3402
14
5331
5528
9697
5799
6434
4590
3387
4033
8656
2665
2148
9370
6950
4642
9312
666
9723
4841
6630
663
7352
1610
1112
3534
3927
8764
4899
1282
9197
3110
5238
1280
4906
3003
8763
2609
4485
1831
5582
2539
3706
2224
8873
2965
7273
1187
8711
8932
2754
5141
1685
5783
6140
1059
4289
931
4911
9265
6095
2401
112
1812
1303
6069
560
7325
4615
6285
2381
8233
2352
2450
3446
903
3155
271
4791
7190
5230
1351
1866
4019
6186
3175
2630
2160
3890
290
9060
6310
8111
2875
460
3624
3660
9763
7885
6994
9659
9970
8514
2481
664
9100
8380
4210
8523
2733
9836
952
8586
5993
3578
3547
7518
1208
7440
7544
747
3596
8204
3125
7335
7382
7776
1901
6805
2775
9912
3653
2205
5740
2368
5475
8388
1020
505
969
6780
1051
2268
3163
4864
1212
921
732
5692
1039
26
6187
3128
7158
4976
2889
4134
3806
1591
5032
5751
4316
6897
5861
7910
1494
4675
5078
4239
3358
7485
3722
8279
4209
5806
8142
5532
1314
6221
4154
3032
2593
5436
7454
8084
2550
4635
4296
6674
3597
1936
1127
9227
7118
2644
9099
7075
6088
2537
7525
66
5573
4792
5853
8601
4611
3056
7135
3427
6538
1153
5095
8600
8467
9464
5992
8390
8561
8747
3599
8583
7596
8544
412
5219
1796
1480
8534
6746
7720
4237
618
7032
8057
4982
7912
9477
4637
6451
5208
6569
342
756
2561
3511
8690
7975
2091
3098
1378
2907
7576
9133
7410
2687
7777
9895
1450
4628
3330
8296
5152
7571
1186
4489
364
2941
621
793
2392
5451
9453
8275
575
7041
7598
1054
5291
9737
3219
9499
5186
1595
1505
9783
1794
4524
7860
4618
2127
9431
420
8087
8899
9754
9349
5011
8619
1305
6484
2054
5980
6890
2710
2953
9793
2527
2794
8592
1842
8830
7188
1329
1806
2015
9154
3618
2211
5224
8337
5402
3002
151
1144
5289
7921
3422
1172
2439
9420
3591
5848
1333
113
5040
3780
683
5555
3852
2843
6958
9881
4175
3762
8853
5882
1077
1279
5455
865
4617
8741
6163
3689
4493
2950
6372
1461
2880
6747
7145
1510
5795
6340
7393
2540
7627
9479
4298
3949
2813
7630
4939
1986
5591
6591
8338
4375
7262
2370
7821
211
5260
2620
10
608
7755
9310
3217
1553
9225
5200
934
739
9267
92
2395
275
6195
6127
1798
6273
8949
2122
9778
2206
5696
4720
6304
344
4954
117
2619
9956
3695
2516
1810
3908
2150
299
5446
4583
2734
5516
5825
7762
5487
2530
5262
5275
9879
498
4457
4195
4819
6215
3212
1836
3982
5997
8791
5498
774
7436
8576
6200
6046
1848
4273
3200
6992
7890
5767
6413
7767
1599
4650
3430
8241
6799
6529
5820
6415
3999
3962
3054
568
2985
6551
2551
9250
7655
5844
4203
2602
762
9512
1779
8861
3939
2201
2744
8385
8972
6495
2243
4515
3243
6002
8669
4153
6000
3687
2714
9319
3620
2600
607
7998
550
5925
711
5130
9756
2584
8837
3097
1693
7672
1368
5010
9382
3133
3913
899
8164
9949
5117
8065
3277
6301
806
1381
8961
322
2429
6776
6639
7830
623
1321
7111
3252
3754
4152
3426
4649
1811
4065
1029
3907
703
3692
8639
4746
4482
9653
8128
4345
1712
8578
8301
6098
8137
8607
2686
7312
3588
4925
8522
2346
6860
2319
6306
1565
7021
2555
466
8998
4481
4037
1830
1036
1391
8451
3901
3717
1477
9966
9395
5430
4492
7920
1273
8894
5877
9885
2508
1221
3203
6502
4830
7513
7834
3575
6715
7371
6736
7065
9908
1748
7388
7398
1363
4787
5730
84
2951
4254
2077
5294
4915
9803
5543
9846
8793
9611
7961
6043
3673
6250
7753
5940
6146
6656
4645
9178
2128
6748
7584
2321
1240
5707
7745
1750
1451
8672
385
1680
4245
6666
9837
6205
4182
1483
7027
7849
9733
8244
1696
996
2278
7990
6731
16
4632
1976
2220
5471
5548
4551
6380
1201
6898
9791
5018
5204
4096
7684
7421
2894
4056
866
5370
8320
7780
4886
7101
9361
6572
2290
1050
8638
408
1656
4773
6017
7930
1484
7839
3951
9242
7160
4694
7215
6022
1741
9699
6669
2796
1513
2246
3776
5399
951
9829
4777
2275
4988
8732
3026
7892
1485
3234
5272
1650
9850
5496
640
9805
1755
4713
2253
4128
173
210
924
6714
170
2214
729
5376
977
1025
7297
5588
1037
1969
4964
4828
2064
542
9221
5368
4646
2424
1209
9995
5050
5237
1092
9142
5093
2683
9412
2183
6637
9830
7993
8680
3829
2237
7456
5322
676
4563
3
2766
726
218
5837
3973
1911
3944
6024
3633
4614
9204
3129
9062
7404
7074
3758
8267
6982
8121
8642
4719
363
3930
1900
3283
7788
8291
7195
531
5896
4077
2937
7928
3473
5866
8112
9867
824
3271
5704
2954
8006
7347
5111
2599
8801
9484
6765
8935
5321
9853
1111
9668
3012
2298
6813
7529
8558
8881
9592
3375
9186
6156
7657
9665
8646
8399
7348
5504
8434
3583
6634
8807
8196
5804
1770
2574
2020
8090
8715
3481
7628
7069
810
9065
5100
5348
6696
6229
5297
4621
9369
8960
3109
9032
9704
8744
5287
4186
9307
6063
6174
3736
440
6048
1065
5034
8396
4619
5403
3971
7162
2222
4973
8381
8151
3782
6603
4244
7240
7974
1934
2533
3100
2590
1437
2359
2945
7431
989
4871
5983
1136
902
3341
1352
4339
557
5868
6786
3733
665
2143
8735
5493
6129
5831
4894
8295
8464
851
2000
2849
4651
2107
2797
284
9897
6999
9121
5519
7293
2482
7213
9852
1833
2874
8416
6348
7574
6400
1602
1185
8518
8257
6708
9388
5849
5462
4793
6933
7003
1274
2190
2546
2698
4363
7008
7835
4361
5939
7394
1466
4957
126
6876
8370
6984
3858
2460
3840
3117
6297
7087
5639
1289
70
6632
5203
3837
2685
9998
5684
5201
8448
9434
2059
5252
8611
107
3320
8145
6832
7241
5580
5923
5036
8230
4970
1000
1275
4115
3493
9976
7875
2873
4929
802
6036
